number	T1	density	W	density	k	density
1	2.03741e-05	1.36977e-16	0.000396478	0.272805	0.0108148	0.00204454
2	0.000120668	1.2138e-15	0.0079631	0.339061	0.0137338	0.00368135
3	0.000220963	1.00805e-14	0.0155297	0.414621	0.0166528	0.00644719
4	0.000321257	7.84636e-14	0.0230963	0.499108	0.0195718	0.0109867
5	0.000421551	5.72436e-13	0.030663	0.591777	0.0224908	0.0182251
6	0.000521846	3.91457e-12	0.0382296	0.691544	0.0254099	0.0294387
7	0.00062214	2.5094e-11	0.0457962	0.797049	0.0283289	0.0463168
8	0.000722434	1.50809e-10	0.0533628	0.90674	0.0312479	0.0709968
9	0.000822728	8.49785e-10	0.0609294	1.01897	0.0341669	0.106051
10	0.000923023	4.49034e-09	0.0684961	1.13207	0.0370859	0.154408
11	0.00102332	2.22547e-08	0.0760627	1.24447	0.0400049	0.219188
12	0.00112361	1.03477e-07	0.0836293	1.35466	0.0429239	0.303462
13	0.00122391	4.51517e-07	0.0911959	1.46126	0.0458429	0.409958
14	0.0013242	1.84962e-06	0.0987626	1.56296	0.048762	0.540783
15	0.00142449	7.11664e-06	0.106329	1.65851	0.051681	0.697233
16	0.00152479	2.5734e-05	0.113896	1.7466	0.0546	0.87983
17	0.00162508	8.75177e-05	0.121462	1.8259	0.057519	1.08866
18	0.00172538	0.00028017	0.129029	1.89503	0.060438	1.32411
19	0.00182567	0.00084517	0.136596	1.95261	0.063357	1.58793
20	0.00192597	0.00240547	0.144162	1.99733	0.066276	1.8846
21	0.00202626	0.00646859	0.151729	2.02811	0.069195	2.22256
22	0.00212655	0.0164613	0.159296	2.04422	0.0721141	2.61512
23	0.00222685	0.0397112	0.166862	2.04544	0.0750331	3.08046
24	0.00232714	0.0909764	0.174429	2.03212	0.0779521	3.64032
25	0.00242744	0.198279	0.181995	2.00528	0.0808711	4.31725
26	0.00252773	0.411785	0.189562	1.96657	0.0837901	5.13027
27	0.00262803	0.816071	0.197129	1.91818	0.0867091	6.08953
28	0.00272832	1.54512	0.204695	1.86273	0.0896281	7.19075
29	0.00282861	2.79755	0.212262	1.80302	0.0925471	8.4107
30	0.00292891	4.84761	0.219829	1.74187	0.0954662	9.70498
31	0.0030292	8.04625	0.227395	1.68187	0.0983852	11.0092
32	0.0031295	12.8088	0.234962	1.62522	0.101304	12.2444
33	0.00322979	19.5927	0.242528	1.57352	0.104223	13.3255
34	0.00333009	28.8815	0.250095	1.5277	0.107142	14.1733
35	0.00343038	41.199	0.257662	1.48795	0.110061	14.7258
36	0.00353067	57.1774	0.265228	1.45374	0.11298	14.9483
37	0.00363097	77.6751	0.272795	1.42389	0.115899	14.8395
38	0.00373126	103.892	0.280361	1.3967	0.118818	14.4313
39	0.00383156	137.371	0.287928	1.37013	0.121737	13.7842
40	0.00393185	179.762	0.295495	1.34201	0.124656	12.9764
41	0.00403215	232.261	0.303061	1.31029	0.127575	12.0918
42	0.00413244	294.798	0.310628	1.27329	0.130494	11.2072
43	0.00423273	365.211	0.318195	1.22991	0.133413	10.3818
44	0.00433303	438.806	0.325761	1.17983	0.136332	9.65144
45	0.00443332	508.661	0.333328	1.12369	0.139251	9.02783
46	0.00453362	566.834	0.340894	1.06307	0.14217	8.50166
47	0.00463391	606.214	0.348461	1.00057	0.145089	8.04934
48	0.00473421	622.425	0.356028	0.939638	0.148008	7.64079
49	0.0048345	615.05	0.363594	0.884459	0.150927	7.24673
50	0.00493479	587.661	0.371161	0.839659	0.153846	6.84404
51	0.00503509	546.624	0.378728	0.810019	0.156765	6.41867
52	0.00513538	499.161	0.386294	0.800122	0.159684	5.96599
53	0.00523568	451.439	0.393861	0.813975	0.162603	5.48935
54	0.00533597	407.337	0.401427	0.854638	0.165522	4.99746
55	0.00543627	368.204	0.408994	0.923868	0.168441	4.50165
56	0.00553656	333.446	0.416561	1.02182	0.17136	4.01348
57	0.00563686	301.512	0.424127	1.14685	0.174279	3.54312
58	0.00573715	270.823	0.431694	1.29539	0.177198	3.09852
59	0.00583744	240.363	0.439261	1.46205	0.180118	2.68521
60	0.00593774	209.856	0.446827	1.63979	0.183037	2.30652
61	0.00603803	179.656	0.454394	1.82032	0.185956	1.96404
62	0.00613833	150.486	0.46196	1.99466	0.188875	1.65798
63	0.00623862	123.175	0.469527	2.15371	0.191794	1.38757
64	0.00633892	98.451	0.477094	2.28903	0.194713	1.1513
65	0.00643921	76.814	0.48466	2.39344	0.197632	0.947072
66	0.0065395	58.496	0.492227	2.46165	0.200551	0.772407
67	0.0066398	43.4731	0.499793	2.49067	0.20347	0.624536
68	0.00674009	31.5204	0.50736	2.48	0.206389	0.500556
69	0.00684039	22.2825	0.514927	2.43161	0.209308	0.397562
70	0.00694068	15.342	0.522493	2.34968	0.212227	0.312763
71	0.00704098	10.2736	0.53006	2.24011	0.215146	0.243565
72	0.00714127	6.67972	0.537627	2.10994	0.218065	0.187625
73	0.00724156	4.2099	0.545193	1.96667	0.220984	0.142861
74	0.00734186	2.56831	0.55276	1.81762	0.223903	0.107445
75	0.00744215	1.5152	0.560326	1.66937	0.226822	0.0797784
76	0.00754245	0.864121	0.567893	1.52732	0.229741	0.0584649
77	0.00764274	0.476471	0.57546	1.3955	0.23266	0.0422909
78	0.00774304	0.25417	0.583026	1.27648	0.235579	0.0302083
79	0.00784333	0.131279	0.590593	1.17149	0.238498	0.0213236
80	0.00794362	0.0657041	0.59816	1.08062	0.241417	0.01489
81	0.00804392	0.0318807	0.605726	1.00316	0.244336	0.0102971
82	0.00814421	0.0149979	0.613293	0.937861	0.247255	0.00705963
83	0.00824451	0.00683801	0.620859	0.883259	0.250174	0.00480196
84	0.0083448	0.00301923	0.628426	0.837869	0.253093	0.00324141
85	0.0084451	0.00128974	0.635993	0.80034	0.256012	0.0021705
86	0.00854539	0.000532449	0.643559	0.769502	0.258931	0.00144022
87	0.00864568	0.000212202	0.651126	0.744357	0.26185	0.000945409
88	0.00874598	8.15505e-05	0.658693	0.724001	0.264769	0.000612643
89	0.00884627	3.01837e-05	0.666259	0.707543	0.267688	0.000390986
90	0.00894657	1.0744e-05	0.673826	0.694018	0.270607	0.000245146
91	0.00904686	3.67173e-06	0.681392	0.682331	0.273526	0.000150653
92	0.00914716	1.20232e-06	0.688959	0.671246	0.276445	9.05505e-05
93	0.00924745	3.76404e-07	0.696526	0.659429	0.279364	5.31294e-05
94	0.00934774	1.12395e-07	0.704092	0.645527	0.282283	3.0381e-05
95	0.00944804	3.19346e-08	0.711659	0.628292	0.285202	1.6908e-05
96	0.00954833	8.61398e-09	0.719226	0.606701	0.288121	9.14756e-06
97	0.00964863	2.20117e-09	0.726792	0.580071	0.29104	4.80652e-06
98	0.00974892	5.31848e-10	0.734359	0.548149	0.293959	2.45093e-06
99	0.00984922	1.2131e-10	0.741925	0.51114	0.296878	1.21207e-06
100	0.00994951	2.6084e-11	0.749492	0.4697	0.299797	5.81021e-07
